2015,90,320
2016,90,320
2017,90,320
2018,90,320
2019,90,320
2020,90,320
2021,90,320
2022,90,320
2023,90,320
2024,90,320
2025,90,320
2026,90,320
2027,90,320
2028,90,320
2029,90,320
2030,90,320
2031,90,320
2032,90,320
2033,90,320
2034,90,320
2035,90,320
2036,90,320
2037,90,320
2038,90,320
2039,90,320
2040,90,320
2041,90,320
2042,90,320
2043,90,320
2044,90,320
2045,90,320
2046,90,320
2047,90,320
2048,90,320
2049,90,320
2050,90,320
2051,90,320
2052,90,320
2053,90,320
2054,90,320
2055,90,320
2056,90,320
2057,90,320
2058,90,320
2059,90,320
2060,90,320
2061,90,320
2062,90,320
2063,90,320
2064,90,320
2065,90,320
2066,90,320
2067,90,320
2068,90,320
2069,90,320
2070,90,320
2071,90,320
2072,90,320
2073,90,320
2074,90,320
2075,90,320
2076,90,320
2077,90,320
2078,90,320
2079,90,320
2080,90,320
2081,90,320
2082,90,320
2083,90,320
2084,90,320
2085,90,320
2086,90,320
2087,90,320
2088,90,320
2089,90,320
2090,90,320
2091,90,320
2092,90,320
2093,90,320
2094,90,320
2095,90,320
2096,90,320
2097,90,320
2098,90,320
2099,90,320
